                                Open       High        Low      Close   Volume  Dividends  Stock Splits  Capital Gains
Date                                                                                                                  
2023-04-03 00:00:00-04:00  70.050003  70.739998  69.949997  70.510002  1733500        0.0           0.0            0.0
2023-04-04 00:00:00-04:00  70.720001  70.720001  68.870003  69.250000  1781300        0.0           0.0            0.0
2023-04-05 00:00:00-04:00  69.260002  69.339996  68.349998  68.800003  2026500        0.0           0.0            0.0
2023-04-06 00:00:00-04:00  68.650002  68.650002  67.250000  67.910004  1761300        0.0           0.0            0.0
2023-04-10 00:00:00-04:00  67.750000  68.849998  67.440002  68.589996  1500900        0.0           0.0            0.0
2023-04-11 00:00:00-04:00  69.169998  70.620003  68.959999  70.309998  1854300        0.0           0.0            0.0
2023-04-12 00:00:00-04:00  71.059998  71.139999  69.949997  70.150002  1591800        0.0           0.0            0.0
2023-04-13 00:00:00-04:00  70.300003  70.610001  69.459999  70.120003  2490000        0.0           0.0            0.0
2023-04-14 00:00:00-04:00  70.180000  70.650002  69.870003  70.370003  1604700        0.0           0.0            0.0
2023-04-17 00:00:00-04:00  70.419998  71.120003  70.239998  71.089996  1776800        0.0           0.0            0.0
2023-04-18 00:00:00-04:00  71.559998  72.809998  71.489998  72.720001  2120600        0.0           0.0            0.0
2023-04-19 00:00:00-04:00  72.169998  73.019997  72.050003  72.919998  2465100        0.0           0.0            0.0
2023-04-20 00:00:00-04:00  74.000000  75.220001  73.860001  74.180000  4800700        0.0           0.0            0.0
2023-04-21 00:00:00-04:00  74.120003  74.589996  73.440002  73.919998  2664200        0.0           0.0            0.0
2023-04-24 00:00:00-04:00  73.830002  74.650002  73.720001  74.620003  2044000        0.0           0.0            0.0